59
2313 1962
577 159 1
341 442 1
792 582 1
511 598 1
515 656 1
827 256 1
608 725 1
850 530 1
139 629 1
327 440 1
464 315 1
684 653 1
895 542 1
549 456 1
560 231 1
692 293 1
754 768 1
561 287 1
514 100 1
182 202 1
798 639 1
136 190 1
263 98 1
429 246 1
457 252 1
663 433 1
174 690 1
732 514 1
853 206 1
386 350 1
327 319 1
129 382 1
851 664 1
178 147 1
624 630 1
746 307 1
399 407 1
400 643 1
882 734 1
598 203 1
631 693 1
194 267 1
133 372 1
180 551 1
725 199 1
824 288 1
768 350 1
132 774 1
439 250 1
915 448 1
541 219 1
534 350 1
207 448 1
607 753 1
772 765 1
195 612 1
436 469 1
846 539 1
775 321 1
