53
2899 2614
659 616 1
206 316 1
806 212 1
555 880 1
1001 475 1
719 801 1
973 806 1
778 428 1
823 638 1
665 613 1
529 762 1
252 665 1
607 633 1
573 521 1
854 843 1
1117 750 1
249 655 1
292 389 1
1027 704 1
1090 825 1
710 764 1
641 205 1
497 840 1
190 295 1
590 1001 1
997 195 1
725 867 1
357 691 1
822 587 1
947 937 1
752 554 1
1011 293 1
232 782 1
917 728 1
871 850 1
700 650 1
232 423 1
783 280 1
221 340 1
785 288 1
383 616 1
501 996 1
462 849 1
993 318 1
1053 276 1
744 516 1
325 238 1
1069 884 1
1014 812 1
488 149 1
301 751 1
394 369 1
1115 754 1
