59
1839 2829
447 880 1
415 157 1
616 350 1
367 884 1
323 423 1
578 824 1
654 366 1
609 644 1
223 567 1
612 884 1
110 565 1
346 555 1
180 193 1
528 809 1
307 826 1
724 809 1
728 827 1
213 658 1
207 1012 1
551 495 1
407 334 1
154 692 1
358 606 1
242 209 1
346 459 1
230 1004 1
401 310 1
610 687 1
485 524 1
437 155 1
433 692 1
371 453 1
296 1012 1
324 750 1
448 821 1
733 403 1
154 226 1
364 149 1
416 864 1
325 457 1
128 849 1
99 989 1
365 730 1
428 184 1
706 664 1
154 913 1
459 683 1
549 407 1
298 1088 1
386 1108 1
434 976 1
431 850 1
472 866 1
606 984 1
326 486 1
136 764 1
235 648 1
665 773 1
549 302 1
