54
2020 2796
651 157 1
466 433 1
174 176 1
640 633 1
765 625 1
260 329 1
343 958 1
343 858 1
593 773 1
384 203 1
660 550 1
230 886 1
123 1049 1
621 861 1
645 370 1
290 672 1
637 446 1
215 460 1
623 437 1
191 519 1
202 532 1
432 500 1
757 476 1
435 217 1
479 684 1
762 1051 1
781 1016 1
669 148 1
797 168 1
772 880 1
438 575 1
139 430 1
720 214 1
551 505 1
636 682 1
241 1036 1
487 228 1
444 364 1
348 1098 1
730 937 1
747 850 1
785 932 1
596 922 1
157 188 1
172 156 1
219 891 1
643 670 1
554 1024 1
145 643 1
387 187 1
562 438 1
806 152 1
245 528 1
711 152 1
