48
2866 1784
265 213 1
252 584 1
1083 284 1
335 539 1
411 343 1
290 699 1
855 365 1
1025 660 1
504 409 1
409 463 1
556 113 1
704 453 1
523 157 1
576 583 1
1087 672 1
776 435 1
566 357 1
407 548 1
1024 664 1
853 100 1
978 701 1
295 267 1
755 322 1
889 182 1
466 185 1
532 459 1
599 628 1
294 549 1
240 629 1
436 550 1
932 588 1
1078 592 1
1129 194 1
476 306 1
307 115 1
950 239 1
694 642 1
394 227 1
593 420 1
463 346 1
377 237 1
336 687 1
1081 660 1
1140 590 1
613 371 1
972 450 1
622 194 1
576 483 1
